SettingRz1: -30.000000
SettingOmega1: -92.000000
Symmetry1: u
Zoom1: 1.000000
TvExtender1: 1.050000
Pin1: b
ScreenRotationZ1: 0.000000
OriginShiftX1: -0.590372
OriginShiftY1: -0.357942
SettingRz2: 0.000000
SettingOmega2: -96.000000
Symmetry2: u
Zoom2: 6.000000
TvExtender2: 1.000000
Pin2: b
ScreenRotationZ2: 5.000000
OriginShiftX2: -0.011714
OriginShiftY2: 0.003905
