SettingRz1: 0.000000
SettingOmega1: 20.000000
Symmetry1: u
Zoom1: 0.800000
TvExtender1: 2.000000
Pin1: l
ScreenRotationZ1: 0.000000
OriginShiftX1: -0.006101
OriginShiftY1: -0.033557
SettingRz2: 0.000000
SettingOmega2: 0.000000
Symmetry2: r
Zoom2: 5.000000
TvExtender2: 1.500000
Pin2: l
ScreenRotationZ2: 0.000000
OriginShiftX2: -0.011714
OriginShiftY2: -0.022778
