SettingRz1: 0.000000
SettingOmega1: 28.000000
Symmetry1: u
Zoom1: 0.800000
TvExtender1: 2.000000
Pin1: l
ScreenRotationZ1: 0.000000
OriginShiftX1: 0.067114
OriginShiftY1: 0.149481
SettingRz2: 0.000000
SettingOmega2: 0.000000
Symmetry2: x
Zoom2: 5.000000
TvExtender2: 1.500000
Pin2: l
ScreenRotationZ2: 0.000000
OriginShiftX2: -0.002603
OriginShiftY2: 0.003254
CenterCrossSize: 0.400000
