%YAML:1.0
contour:
   - { x:34, y:461 }
contour:
   - { x:8, y:454 }
contour:
   - { x:1, y:454 }
   - { x:1, y:478 }
   - { x:73, y:478 }
   - { x:73, y:477 }
   - { x:71, y:477 }
   - { x:70, y:476 }
   - { x:70, y:475 }
   - { x:67, y:475 }
   - { x:66, y:474 }
   - { x:66, y:473 }
   - { x:66, y:474 }
   - { x:65, y:475 }
   - { x:64, y:474 }
   - { x:64, y:473 }
   - { x:63, y:474 }
   - { x:62, y:474 }
   - { x:61, y:473 }
   - { x:59, y:473 }
   - { x:58, y:472 }
   - { x:59, y:471 }
   - { x:58, y:471 }
   - { x:57, y:470 }
   - { x:57, y:471 }
   - { x:56, y:472 }
   - { x:55, y:472 }
   - { x:54, y:471 }
   - { x:54, y:468 }
   - { x:53, y:469 }
   - { x:51, y:469 }
   - { x:50, y:470 }
   - { x:48, y:468 }
   - { x:47, y:468 }
   - { x:46, y:467 }
   - { x:46, y:466 }
   - { x:45, y:465 }
   - { x:43, y:467 }
   - { x:41, y:467 }
   - { x:40, y:466 }
   - { x:41, y:465 }
   - { x:42, y:465 }
   - { x:41, y:465 }
   - { x:40, y:464 }
   - { x:39, y:464 }
   - { x:39, y:465 }
   - { x:38, y:466 }
   - { x:37, y:465 }
   - { x:37, y:463 }
   - { x:33, y:463 }
   - { x:31, y:461 }
   - { x:30, y:462 }
   - { x:29, y:461 }
   - { x:29, y:460 }
   - { x:28, y:459 }
   - { x:27, y:459 }
   - { x:26, y:460 }
   - { x:25, y:459 }
   - { x:24, y:459 }
   - { x:23, y:460 }
   - { x:22, y:460 }
   - { x:21, y:459 }
   - { x:18, y:459 }
   - { x:16, y:457 }
   - { x:14, y:457 }
   - { x:13, y:456 }
   - { x:12, y:456 }
   - { x:11, y:457 }
   - { x:10, y:456 }
   - { x:6, y:456 }
   - { x:5, y:455 }
   - { x:3, y:455 }
   - { x:2, y:454 }
contour:
   - { x:4, y:453 }
contour:
   - { x:439, y:325 }
   - { x:440, y:325 }
contour:
   - { x:436, y:325 }
contour:
   - { x:432, y:325 }
contour:
   - { x:118, y:325 }
contour:
   - { x:445, y:324 }
contour:
   - { x:448, y:323 }
contour:
   - { x:116, y:323 }
contour:
   - { x:117, y:320 }
contour:
   - { x:116, y:318 }
   - { x:117, y:318 }
contour:
   - { x:112, y:318 }
   - { x:112, y:319 }
   - { x:113, y:318 }
contour:
   - { x:103, y:318 }
   - { x:104, y:318 }
contour:
   - { x:101, y:318 }
contour:
   - { x:110, y:317 }
contour:
   - { x:106, y:317 }
   - { x:107, y:317 }
   - { x:109, y:319 }
   - { x:108, y:318 }
   - { x:108, y:317 }
contour:
   - { x:300, y:315 }
contour:
   - { x:101, y:315 }
   - { x:102, y:315 }
contour:
   - { x:99, y:314 }
contour:
   - { x:421, y:312 }
contour:
   - { x:88, y:311 }
   - { x:89, y:312 }
contour:
   - { x:245, y:310 }
contour:
   - { x:320, y:309 }
contour:
   - { x:52, y:308 }
contour:
   - { x:425, y:306 }
contour:
   - { x:47, y:304 }
contour:
   - { x:420, y:303 }
contour:
   - { x:426, y:299 }
contour:
   - { x:348, y:297 }
   - { x:347, y:298 }
contour:
   - { x:426, y:279 }
contour:
   - { x:364, y:277 }
contour:
   - { x:428, y:265 }
   - { x:429, y:266 }
   - { x:429, y:265 }
contour:
   - { x:428, y:261 }
contour:
   - { x:489, y:260 }
contour:
   - { x:374, y:255 }
contour:
   - { x:376, y:253 }
contour:
   - { x:376, y:251 }
contour:
   - { x:377, y:247 }
contour:
   - { x:380, y:243 }
contour:
   - { x:431, y:242 }
   - { x:432, y:242 }
contour:
   - { x:432, y:236 }
   - { x:432, y:237 }
contour:
   - { x:380, y:227 }
contour:
   - { x:432, y:199 }
contour:
   - { x:382, y:193 }
contour:
   - { x:434, y:189 }
contour:
   - { x:448, y:177 }
contour:
   - { x:444, y:173 }
contour:
   - { x:380, y:173 }
contour:
   - { x:440, y:170 }
   - { x:440, y:171 }
contour:
   - { x:430, y:169 }
contour:
   - { x:434, y:168 }
   - { x:433, y:169 }
   - { x:432, y:169 }
   - { x:434, y:169 }
contour:
   - { x:380, y:167 }
contour:
   - { x:428, y:166 }
   - { x:429, y:167 }
   - { x:429, y:166 }
contour:
   - { x:424, y:161 }
contour:
   - { x:418, y:161 }
contour:
   - { x:404, y:161 }
contour:
   - { x:421, y:159 }
contour:
   - { x:412, y:159 }
   - { x:412, y:160 }
   - { x:411, y:161 }
   - { x:410, y:160 }
   - { x:410, y:161 }
   - { x:412, y:161 }
   - { x:413, y:160 }
contour:
   - { x:420, y:155 }
contour:
   - { x:416, y:149 }
contour:
   - { x:350, y:97 }
contour:
   - { x:395, y:66 }
contour:
   - { x:392, y:63 }
contour:
   - { x:416, y:59 }
contour:
   - { x:382, y:59 }
contour:
   - { x:366, y:57 }
contour:
   - { x:372, y:55 }
contour:
   - { x:368, y:55 }
   - { x:368, y:56 }
contour:
   - { x:381, y:54 }
   - { x:381, y:55 }
   - { x:382, y:55 }
contour:
   - { x:349, y:54 }
contour:
   - { x:404, y:53 }
contour:
   - { x:360, y:53 }
   - { x:361, y:54 }
contour:
   - { x:346, y:53 }
   - { x:347, y:54 }
contour:
   - { x:373, y:52 }
   - { x:372, y:53 }
contour:
   - { x:341, y:52 }
contour:
   - { x:388, y:51 }
contour:
   - { x:370, y:51 }
contour:
   - { x:368, y:51 }
contour:
   - { x:365, y:51 }
   - { x:365, y:52 }
   - { x:364, y:53 }
   - { x:365, y:52 }
   - { x:366, y:53 }
   - { x:365, y:52 }
contour:
   - { x:344, y:51 }
contour:
   - { x:373, y:50 }
contour:
   - { x:353, y:50 }
   - { x:353, y:51 }
   - { x:352, y:52 }
   - { x:352, y:53 }
   - { x:353, y:52 }
   - { x:354, y:52 }
   - { x:353, y:51 }
contour:
   - { x:336, y:50 }
   - { x:337, y:50 }
contour:
   - { x:376, y:49 }
   - { x:378, y:49 }
contour:
   - { x:358, y:49 }
   - { x:356, y:51 }
   - { x:356, y:52 }
   - { x:357, y:53 }
   - { x:357, y:50 }
   - { x:358, y:49 }
   - { x:359, y:49 }
   - { x:360, y:50 }
   - { x:361, y:50 }
   - { x:362, y:51 }
   - { x:361, y:50 }
   - { x:361, y:49 }
contour:
   - { x:330, y:49 }
contour:
   - { x:364, y:48 }
   - { x:363, y:49 }
contour:
   - { x:347, y:48 }
contour:
   - { x:236, y:47 }
contour:
   - { x:381, y:46 }
contour:
   - { x:371, y:46 }
   - { x:372, y:46 }
   - { x:373, y:47 }
   - { x:373, y:48 }
   - { x:373, y:46 }
contour:
   - { x:368, y:46 }
   - { x:368, y:47 }
contour:
   - { x:357, y:46 }
   - { x:356, y:47 }
contour:
   - { x:388, y:45 }
contour:
   - { x:384, y:45 }
   - { x:384, y:47 }
contour:
   - { x:376, y:45 }
contour:
   - { x:350, y:45 }
   - { x:349, y:46 }
   - { x:348, y:46 }
   - { x:349, y:46 }
contour:
   - { x:354, y:44 }
   - { x:353, y:45 }
   - { x:352, y:45 }
   - { x:352, y:47 }
   - { x:350, y:49 }
   - { x:349, y:49 }
   - { x:350, y:50 }
   - { x:350, y:51 }
   - { x:349, y:52 }
   - { x:348, y:52 }
   - { x:349, y:52 }
   - { x:350, y:51 }
   - { x:350, y:49 }
   - { x:352, y:47 }
   - { x:353, y:47 }
   - { x:355, y:49 }
   - { x:354, y:48 }
   - { x:354, y:47 }
   - { x:353, y:47 }
   - { x:352, y:46 }
contour:
   - { x:345, y:44 }
   - { x:344, y:45 }
   - { x:345, y:45 }
contour:
   - { x:382, y:43 }
contour:
   - { x:364, y:43 }
   - { x:364, y:44 }
   - { x:365, y:44 }
contour:
   - { x:361, y:42 }
   - { x:361, y:43 }
   - { x:362, y:44 }
   - { x:362, y:45 }
   - { x:361, y:46 }
   - { x:360, y:45 }
   - { x:361, y:46 }
   - { x:362, y:45 }
   - { x:362, y:43 }
contour:
   - { x:309, y:42 }
contour:
   - { x:375, y:41 }
   - { x:376, y:41 }
contour:
   - { x:366, y:41 }
contour:
   - { x:355, y:41 }
   - { x:356, y:42 }
   - { x:356, y:43 }
   - { x:357, y:42 }
   - { x:358, y:42 }
   - { x:358, y:41 }
contour:
   - { x:297, y:41 }
contour:
   - { x:220, y:41 }
contour:
   - { x:396, y:39 }
contour:
   - { x:376, y:39 }
contour:
   - { x:372, y:39 }
   - { x:372, y:41 }
   - { x:373, y:42 }
   - { x:372, y:43 }
   - { x:373, y:43 }
   - { x:373, y:42 }
   - { x:372, y:41 }
contour:
   - { x:370, y:39 }
   - { x:369, y:40 }
   - { x:368, y:40 }
   - { x:368, y:41 }
   - { x:369, y:41 }
   - { x:370, y:40 }
contour:
   - { x:360, y:39 }
contour:
   - { x:365, y:38 }
   - { x:365, y:39 }
contour:
   - { x:362, y:38 }
   - { x:363, y:38 }
contour:
   - { x:380, y:37 }
contour:
   - { x:368, y:37 }
contour:
   - { x:360, y:37 }
contour:
   - { x:368, y:35 }
contour:
   - { x:362, y:35 }
contour:
   - { x:360, y:35 }
contour:
   - { x:270, y:35 }
contour:
   - { x:381, y:34 }
